1.45476833629172 1.45447892180896
1.42940856555108 1.42919188891234
1.40785671600672 1.40816392933051
1.38900237154593 1.3892582991012
1.38337491009641 1.38327352246218
1.38621621179184 1.38639550834013
1.46006734427631 1.45964564507594
1.39982371439469 1.40005877742284
1.44547419595251 1.445845121599
1.38272305561753 1.38352190471114
1.41069684277268 1.41138637527103
1.40043237946855 1.39996312577605
1.39201221660562 1.3922964212484
1.42884215636288 1.42915101125922
1.45533466258104 1.45575306892654
1.40814125713472 1.40743117176239
1.42713347176721 1.42680848777412
1.42591590031699 1.42667725178679
1.43937256858477 1.43947626353271
1.38353558115924 1.38371820873822
1.41296641907068 1.41335980346443
1.43885763064602 1.43970735671074
1.4533944664305 1.45384563123705
1.43522422032289 1.43452415340997
1.39089096912856 1.3906571256725
1.39712182669306 1.39650794154553
1.42151009928659 1.42144881658576
1.44752838066269 1.44801787245439
1.40317649579675 1.40304018015452
1.44039402107831 1.44098814403037
1.40189736455083 1.4011869772864
1.43875709071496 1.43910440619548
1.45712165801611 1.45727398773906
1.38002176439418 1.37984333850196
1.38130674866597 1.38095937352185
1.37615099166047 1.37577119006157
1.4407304423957 1.44105008784439
1.42839513752325 1.4277860255693
1.42075238553684 1.42101681191159
1.44782052616912 1.44712024820747
1.43673717653336 1.43674029681602
1.39769757100346 1.398220738908
1.42072332302971 1.42099970333543
1.41608891988133 1.4164138897493
1.44939339088866 1.4490628147353
1.41939957549441 1.41923028737783
1.41166853719209 1.41220570413876
1.39131092512925 1.39183332449013
1.37578613799537 1.3762412271436
1.4153904775209 1.41527141527251
1.4107365456906 1.4106789270267
1.43486186871081 1.43481526527704
1.4606961078253 1.46040969277743
1.46372346339943 1.46379208596779
1.43403323273541 1.4339042824941
1.42126342290503 1.42108650746057
1.3825816843103 1.38273437536918
1.39964247005943 1.39964268577581
1.40193221677707 1.4020780573762
1.37548526862286 1.37483484277576
1.45793486972896 1.45815339181519
1.44617264588651 1.44673391414036
1.41458251643058 1.41501843392912
1.43282878962158 1.43259781267701
1.44381139962383 1.44428498597691
1.37884951372558 1.37848500989426
1.38194816058441 1.38185120989395
1.45450177229513 1.45461352178769
1.39985051078834 1.39989509189836
1.40466506964795 1.40399190692214
1.4579097756445 1.45828457815074
1.44407791139603 1.4444268387868
1.4444528406403 1.4445316597043
1.40966913521473 1.40979402606068
1.42210631643144 1.42228764610005
1.45049183171939 1.45006207571298
1.46911015900335 1.46951087721645
1.44002938401313 1.44063259512967
1.43613002331914 1.43645293268697
1.39124813553553 1.39093333426583
1.401218415822 1.40119760289495
1.37775303323805 1.37753655388688
1.3957398197953 1.39560426937636
1.41355455963453 1.41308278546826
1.40344610485668 1.40336399425953
1.44970481506154 1.44978256055646
1.43228008766252 1.43199121134131
1.43879103184961 1.43876198397762
1.42260638529041 1.42259542123872
1.44619317934227 1.44639803918474
1.40644171415755 1.40654978910091
1.43727617307181 1.43714395919604
1.41636424709177 1.41591503136879
1.44922512168524 1.44973696124442
1.37509758068907 1.37446475710024
1.40760394437224 1.40706700388471
1.45886983330029 1.45889546418691
1.46607354733759 1.46584937159016
1.4377262904553 1.43798373568839
1.44566457289263 1.44586212202097
1.39971279053425 1.39951063532225
1.40204817479004 1.40181529694081
1.42905368566646 1.42910853515628
1.43513634351076 1.43538803470868
1.43093357743693 1.43073877296688
1.41667253770335 1.4164719361248
1.4097747477288 1.40972864705466
1.43845751750551 1.43845808020117
1.38701813325858 1.38656704748574
1.39350711713628 1.39327046439323
1.44314749188808 1.44350998149245
1.44218855731821 1.44225045351788
1.43872083203313 1.43916076497542
1.37849453655929 1.37842349719603
1.40712701773458 1.40686708733702
1.40382506479281 1.40395867647572
1.43555983585078 1.43593479133211
1.40970679584368 1.40960740043416
1.44692958048201 1.44702358166466
1.44490096973588 1.44417314471048
1.3625569148342 1.36334132543713
1.45499905577128 1.45507325081424
1.3621807357946 1.36293959495683
1.36767286010574 1.36702339485408
1.43917797907976 1.43913056887439
1.40109017171591 1.40170796486432
1.46042997869508 1.46065961632698
1.39266345333017 1.39283014943401
1.40344257003407 1.40343194624147
1.38757250031433 1.3877097885372
1.40284704881309 1.40328339940417
1.38893724010128 1.38924147026878
1.38462472504162 1.38450003218101
1.41633409541734 1.41560205561415
1.39451063092879 1.39458969981807
1.42995938582522 1.42947217049343
1.40400482962635 1.40329574698696
1.39341593279646 1.39448573862084
1.41498417157226 1.41433867916761
1.41442351752788 1.41415166833169
1.43464627141549 1.43399733203012
1.38126073458815 1.38184226808724
1.42154045926986 1.42244765434077
1.39563644086835 1.3959192918302
1.40836995350145 1.40878524421853
1.44600073338798 1.44566654584434
1.44086070682381 1.44141715715793
1.40733904388264 1.40727542682251
1.3971782746083 1.39767883092124
1.38364510868614 1.38450054328578
1.40279138276877 1.40283563269608
1.425824047736 1.42679605229924
1.38235053994329 1.38246556571872
1.39572445082969 1.39581671609295
1.37247809832779 1.37321181313214
1.37409268043446 1.37363136273628
1.43715253237119 1.43706971819143
1.45638757203272 1.45597819975756
1.43156513292614 1.43178403611227
1.45666507200532 1.45630016618811
1.45750611280125 1.45807320518939
1.41355202745814 1.41292179071998
1.44608229548016 1.4455762605361
1.40113701953967 1.40078214582692
1.44977725051119 1.44909251746615
1.40397399657049 1.40351514855869
1.42814543501667 1.42818529904381
1.48059782989646 1.47987677296159
1.4441235408536 1.44433644809363
1.40105805682477 1.40156914708526
1.39842688045016 1.39868257781106
1.42928118951651 1.42851986257343
1.42222715617605 1.42232307349055
1.42423874175062 1.42393094982607
1.39467406291801 1.39431235430943
1.4058589278906 1.40625671855393
1.41647262335875 1.41637651360303
1.45718317903997 1.4565339354557
1.39852591686012 1.39795087525441
1.41871028082304 1.41859710567756
1.3999074890618 1.40009756025313
1.41893118255815 1.4187411068621
1.43992539944851 1.44008234476244
1.40946051404795 1.40925227487856
1.40805045250766 1.40763022565549
1.40311824814376 1.40246004608771
1.42176566477512 1.4222876719239
1.40645511945659 1.40659556948252
1.45822920122879 1.45853128333303
1.46213762636254 1.46189663772335
1.44853196740066 1.4484230712253
1.41092572834816 1.41065458439896
1.40695736571329 1.40626463666032
1.44304424419886 1.4427338411656
1.3861128821224 1.38604572117867
1.44215108602987 1.44203163172927
1.39487660596367 1.39464991510829
1.40353556054186 1.40475220183937
1.39825286134534 1.39818100453999
1.43651685454689 1.4362539047228
1.39787519285724 1.39810388737576
1.43848655456608 1.43800439783467
1.41144194437907 1.41210877471337
1.39468471181888 1.39469085979001
1.38620542868943 1.38586088186026
1.43191133065891 1.43159805548182
1.47381319917683 1.4734018913592
1.46699342143708 1.46672003086739
1.39366494746124 1.39342879060593
1.41915333205992 1.41945137488224
1.39541564858681 1.39552658606586
1.41522410653087 1.41613968057803
1.40764678028978 1.40767801813524
1.43805976951647 1.4376185169713
1.43527010807165 1.43536730081347
1.3845529083369 1.38436004924924
1.40279889795839 1.40342339648196
1.41000445901461 1.41041533930637
1.43581056884537 1.43638821275636
1.44729860737527 1.44664769466179
1.42567871192282 1.42532970047091
1.45846288468901 1.45854362374892
1.41608381051701 1.41591693637254
1.40186785094292 1.40165213855813
1.39726716570146 1.39769855202532
1.46140104906977 1.46141891732858
1.39048747815192 1.39026058647077
1.39041174167292 1.3905294456231
1.4187295831089 1.41832023613178
1.43008692751414 1.43023083727268
1.40757980067795 1.40752602538292
1.4135707798867 1.41328608208979
1.38756979356673 1.38775125697579
1.37810709876901 1.37779186482436
1.39401456594424 1.39373354802132
1.4170994508419 1.41736269162244
1.43536674892199 1.43574865070034
1.40448933366686 1.4041798182147
1.41639913564811 1.41583688970922
1.41776161924228 1.41795231612377
1.39721048005851 1.39703066516611
1.3990872923961 1.39843659577539
1.39483855473651 1.39483448136645
1.45398062422773 1.45375951159231
1.4166042499766 1.41698190566877
1.41587769547809 1.41586243412727
1.39614574413484 1.39625282510859
1.35346168511044 1.35391966064969
1.47869055047384 1.47873456059181
1.43060146063878 1.43026936016117
1.45096516896661 1.45100377459534
1.38801023353242 1.387456338529
1.40240388262136 1.40285381501328
1.46379934760346 1.46373288110794
1.434354977363 1.43369058576245
1.40481295685072 1.40524052940448
1.36686204789191 1.36623078039994
1.38883636475065 1.38828429610973
1.4369072013681 1.4362728573511
1.44908736426646 1.44920450955323
1.44076789522021 1.44127126396941
1.39566302511241 1.39528284011115
1.39802377483694 1.39811911859232
1.42345218716453 1.42356380083044
1.38629437773779 1.38632055663452
1.3988549618416 1.39901639382262
1.42336541043056 1.42375584587571
1.45225243826863 1.4520945103429
1.39801312664958 1.3974173465561
1.40806699761896 1.40777387277523
1.42777853154952 1.42822859072459
1.42234834893109 1.42245034366131
1.39431073450736 1.3951206088938
1.39229884473454 1.39252686917323
1.42410830688456 1.42481656618689
1.43879089008667 1.4385168410599
1.43302997279795 1.43302905809086
1.37085387709005 1.37031426425888
1.3788750590198 1.3785268667846
1.46763185451362 1.46818720135901
1.41652880456092 1.41658830818678
1.42724055671558 1.42753430596957
1.39621975401521 1.39550423161837
1.42150566074298 1.42196569623206
1.43991131266261 1.44143084604448
1.40599479354408 1.40573425993315
1.40888356941024 1.40924654533603
1.41256215118446 1.41199138087657
1.40767915297423 1.40810898702104
1.41791748883747 1.41805966656543
1.41138171260074 1.41134987956824
1.39955995594229 1.40001397324776
1.41197013047511 1.41250935057853
1.40599484610835 1.40534754853395
1.37025440379237 1.36973493383811
1.42336578965088 1.4236495788552
1.41639498929796 1.41651615522797
1.36732710980998 1.36791490159562
1.41329686976135 1.413392390772
1.37138248734541 1.37187842282314
1.4032598099273 1.40436306303415
1.44228965029939 1.44126283226262
1.39984043866247 1.39937558355315
1.37208394324193 1.37231807389915
1.42409266207676 1.42425347376685
1.40435564418329 1.40414739599534
1.36795647171574 1.36817299967595
1.44754840095615 1.44716486894394
1.39720617916595 1.39712704941007
1.40434992572046 1.40417552893561
1.46200517512847 1.46172965344262
1.38575238801394 1.38519020716327
1.41388355048454 1.41338881063379
1.4240136128128 1.4240260107919
1.44232398303404 1.44294023391633
1.43554366249698 1.43521299764683
1.39033184652379 1.39032273590765
1.44402434239104 1.44373259437352
1.44251183128482 1.44228860266247
1.43335508192089 1.4334830567167
1.45901541559481 1.45932612174847
1.43019951097907 1.42995173267107
1.39151397293906 1.39164031718894
1.43124076467189 1.43101882469893
1.44774377456869 1.44730543581422
1.43134438937485 1.43133304474378
1.42982865159449 1.42960153314515
1.43253087230263 1.43205488790819
1.45101013148398 1.4513785117693
1.42834815060623 1.42890952094726
1.37144232747685 1.37221469344143
1.40723874207176 1.40667155336853
1.45707620343902 1.45710599004331
1.42530610875981 1.42551361268152
1.45047530793676 1.45081289582798
1.41724358799141 1.41763749983101
1.42460459304855 1.42428816604334
1.39942695609333 1.39955685363319
1.39121563339284 1.39153513809374
1.38584626700379 1.3853660825168
1.43871915815429 1.43894579921781
1.3968615577924 1.39677033312546
1.40708439250851 1.40715079592688
1.41467809720114 1.41412958595405
1.41765524691029 1.41801433365717
1.40322663497847 1.40297244525117
1.43599083130721 1.43655119210305
1.40639766028254 1.40579159245498
1.39293615095782 1.39350992348599
1.37808640575079 1.37746398317532
1.42954193100209 1.42960074157804
1.4147841970139 1.4144590684606
1.44716406063856 1.44684190618216
1.40829158978276 1.40779704378838
1.42894412903848 1.42827529518057
1.3703395478681 1.37032800323911
1.42783958795835 1.42743998296156
1.39090799510068 1.39109386436955
1.40815287635429 1.40769314654611
1.43970781668159 1.44022950364875
1.41263906177918 1.41249246588391
1.43079182710968 1.43073698084057
1.41528985594552 1.41516059556273
1.37998063601381 1.38097369526286
1.38580528689003 1.38524886870652
1.44236673754938 1.44285865550265
1.4173393010364 1.41730779281551
1.40073465619126 1.40118870175255
1.3791075966426 1.38033233525531
1.42208746317411 1.42261815001594
1.40075002385551 1.40084587188619
1.45570579412986 1.45511930645301
1.44284574513301 1.44321769096018
1.44685926640317 1.44681107890175
1.36901207718354 1.36934924069184
1.43841485152164 1.43857309151783
1.41185051166084 1.41101215392404
1.45230843721102 1.45245007249602
1.38692242010853 1.38731414753952
1.38851450156887 1.38851307779962
1.41864396469576 1.41837653993321
1.45253488632023 1.45247911186402
1.41161035650505 1.41157529054447
1.43395761593534 1.43372177643286
1.43220299892681 1.43199769502532
1.43050498643505 1.43008260522984
1.45356872699864 1.45364666863174
1.43293133039209 1.4329407186566
1.40971661746166 1.41004226132985
1.44783749671017 1.44811059898245
1.43237804251846 1.43203564050267
1.41683618413428 1.41745153946858
1.43681533406462 1.43624961352609
1.46371259455116 1.4633941522415
1.40944521702964 1.40939907405203
1.41847594832698 1.41837535177105
1.39989030488206 1.40002003967463
1.45679001432356 1.45703491739652
1.41288784251811 1.41277007468194
1.45270389566631 1.45325532925218
1.36057954285333 1.36072985824776
1.44083394795142 1.44029682248013
1.39610798741765 1.39663426540592
1.39821497263393 1.39775002150623
1.44735440977538 1.44786463602206
1.40168682210426 1.4015579181758
1.40903840603225 1.40945399321068
1.41541293689478 1.41487165425915
1.42282594989286 1.42279123145053
1.42530672024902 1.42496589532673
1.42215551561292 1.422281157652
1.44713578991569 1.44701557410361
1.40064935486021 1.39992144020559
1.4049552545251 1.4053388256903
1.46471727333588 1.46449247579458
1.36147740168599 1.36099503229932
1.41555618682561 1.41546229668057
1.37364613337361 1.37329891646581
1.42327215386758 1.42341134390617
1.42352188763876 1.42393761845291
1.43944412153295 1.43964474492535
1.40932186344205 1.40907783987704
1.45163817245492 1.45147085649997
1.43374687716625 1.43370925010687
1.40063631361991 1.40090689231532
1.40451509888746 1.40410194244197
1.45333606506682 1.45348929089078
1.47356396072689 1.47327251664677
1.40804072995247 1.40776330268895
1.41505877062104 1.41523654973967
1.4326341223437 1.4326127626828
1.38752315895558 1.38726964204668
1.40245785752798 1.40193390849221
1.45125125855827 1.45081063271645
1.45920733457926 1.45893451365921
1.36922397860036 1.36861031575043
1.44670829331265 1.44715790290781
1.39669994549354 1.39753374246158
1.4181518591958 1.41837774706586
1.38590415972763 1.38563270045076
1.43418635113668 1.43364837774396
1.44742693048011 1.44775609832809
1.4259391694591 1.42552738170789
1.41380467812599 1.4138958004428
1.41137916325315 1.41179503121585
1.42477745538336 1.42621640467463
1.42507200296506 1.42522517770845
1.44852551558246 1.44789803041925
1.41627116298606 1.41674170898109
1.41657584163975 1.41669299324491
1.45635640811575 1.45632753316149
1.43003755996968 1.42982131580601
1.44220076713691 1.44187212217178
1.43220238298369 1.43294468261249
1.42143873710925 1.42185810760897
1.38105387573757 1.38144332750542
1.43968087321917 1.4394044264065
1.44351155607294 1.44401712520385
1.40970269731545 1.40929669260866
1.37563410116506 1.37651165025061
1.39994165137525 1.39959583153691
1.41767448890723 1.41805999501352
1.3979177215596 1.39767231053014
1.44365904164948 1.44361596581401
1.44254046080838 1.44259517607014
1.42891897375553 1.42920537439977
1.44054959036908 1.44101761679329
1.42008092086397 1.42047475595171
1.42345888417005 1.42281023468448
1.40321603202181 1.40263662937932
1.43971600719469 1.43916883426372
1.41801219596342 1.41770454891256
1.39045687316955 1.3900785247071
1.43867853145897 1.43826406403312
1.41780157934611 1.4183399919378
1.41146568499281 1.41155227043363
1.3774980232867 1.37797239805289
1.46373635783155 1.46315159493454
1.44781943175338 1.44784684211665
1.44747835608963 1.44769190790575
1.41319431971526 1.41256027610614
1.44447369267361 1.4444036793866
1.40357242402044 1.40326613401908
1.41461202770978 1.41462792772312
1.3937143616225 1.39380951658994
1.39385795737594 1.39370959795711
1.41488725424492 1.41496726071829
1.45804007937043 1.45778827157566
1.44421701945517 1.44379542178442
1.44782040473237 1.4474180686922
1.35997340553474 1.359978681074
1.40799484355957 1.40820615012836
1.39598532540177 1.39537773461736
1.42914436983855 1.42967300353969
1.4597598752549 1.45974902090532
1.44947020439838 1.44997433959616
1.43551659185261 1.43557689068741
1.45736591442798 1.45773026416017
1.40804971787443 1.40781045598773
1.39229777763388 1.39180014380912
1.44209594795445 1.44195736400023
1.40228199567547 1.40230858165352
1.40447035383489 1.40425431006648
1.41627924044684 1.41683592103357
1.36157107820532 1.36179127675753
1.42278545663926 1.42213068561509
1.38361051271258 1.38375759599913
1.399638434367 1.39951033184019
1.41025536364525 1.41019679606089
1.43996264735123 1.43924117431903
1.45312672600161 1.45340852813042
1.45347180694388 1.45379551344472
1.3989409152883 1.40018836411183
1.41269316784153 1.41278428928752
1.42519750161704 1.42462196466481
1.42363170445985 1.42364480404738
1.38195335084296 1.38182842973524
1.42413244081335 1.4237872850141
1.3946419169227 1.39484897342974
1.43826446332288 1.4378706177554
1.42264986667738 1.42295462399077
1.40401420760723 1.40387074009905
1.42875184326082 1.42807698604226
1.39727476372545 1.39742259897042
1.40563566553824 1.40534997314867
1.42139700852457 1.42118072858434
1.41665543302062 1.41642382418502
1.38858317596804 1.38863978286466
1.40081415812255 1.401199036087
1.45974245437435 1.46017479233385
1.40530616192111 1.40554733743936
1.39054868236347 1.3901008542314
1.45365569556596 1.45401881821647
1.3896791946645 1.38910102035796
1.41605066825186 1.41587274321236
1.4182064535073 1.41866135033387
1.44095031261334 1.4413543320181
1.38973179200749 1.3895670079479
1.36695112806074 1.36640887646954
1.42903028475716 1.42825357174827
1.41282337663309 1.41216575955474
1.42826219893706 1.42789688138653
1.46208566757977 1.4616348091083
1.41960647307724 1.41920639964886
1.39657047565365 1.39641880075552
1.47228476671469 1.4729151167305
1.41790003203227 1.41814751880074
1.42951841370184 1.42934031139032
1.423867306123 1.42357342028272
1.3997495910487 1.3997927095665
1.41183595801423 1.41148353676667
1.38578377759093 1.38592232752463
1.43979070321183 1.43973802625933
1.44522981521548 1.44474720686117
1.453391365664 1.45370513242401
1.44675990294913 1.44676795933981
1.39795602723459 1.39794993600304
1.40440500407738 1.40379995356394
1.38926909461121 1.3893474655643
1.37621376057165 1.37726604903774
1.42181903007418 1.42222129085222
1.37823462168199 1.37799994131805
1.40300076484533 1.40273914322029
1.45949602487384 1.45881922297235
1.41927314577086 1.41929653205708
1.37839246252531 1.37847138940009
1.4384517876697 1.43859419336863
1.41070186511596 1.41023736080826
1.40057342603678 1.40040640072907
1.40815900388633 1.40753272700527
1.45090448110305 1.45110498853497
1.39264344505242 1.39292287193647
1.4298805591115 1.43021874066746
1.44856643127579 1.44792793684228
1.38140123129657 1.38136333354947
1.46280742658239 1.46303971443799
1.39981308719588 1.39995122807301
1.36730121857646 1.3684070370152
1.39672914259854 1.3967856691538
1.41991195434186 1.42048762988377
1.39426410735897 1.3942189521859
1.42761880319888 1.42705123871073
1.38809006750645 1.3887578676277
1.46646707371433 1.46647687407504
1.41113843604412 1.41101702035017
1.39859346245433 1.39821748000789
1.38355246901069 1.38336279775452
1.38522988743085 1.38466479688312
1.40628150794222 1.40581604220896
1.41974205651952 1.42041391122728
1.46624622555777 1.46606327277694
1.43409944462956 1.43457582078155
1.40342734225136 1.40388873511322
1.46805591855875 1.467939022877
1.43199390995484 1.4325101228502
1.38261248584012 1.38256204729614
1.40213289588606 1.40247220299979
1.42851675257868 1.42804744547592
1.46410296580989 1.4644569421648
1.41124333492765 1.41152428024881
1.37754617684271 1.37727557524851
1.41434773298281 1.41377392273489
1.38102622293317 1.38153328940424
1.44718071909616 1.44732135802462
1.43856435529076 1.43869531862457
1.47871267559417 1.47879134075939
1.42261750409891 1.42189339976458
1.43919580959596 1.43949644040022
1.4357459732367 1.43628451515253
1.43796906599934 1.43763908062007
1.3860813003411 1.38561310049611
1.36016910688167 1.36050629565824
1.43126709637551 1.43143591082878
1.44196376536862 1.44122343770098
1.41127294623413 1.41171930834532
1.44063993054289 1.43992580246466
1.40771961799519 1.40765288505634
1.43337941378883 1.43328447271446
1.44607471524071 1.44599261556743
1.41054374347525 1.41046845959991
1.44198050375631 1.44216663542717
1.39425705038517 1.39421081072953
1.41943469338964 1.41925931506497
1.37162572715713 1.37122276297584
1.35514204153258 1.35649677205138
1.40918747299833 1.40929365194301
1.41669374307803 1.41606464189828
1.44149897135906 1.44128554068113
1.43646716597682 1.4364560298141
1.42207152768267 1.42168403149826
1.3730345459246 1.37421856333041
1.43514389259626 1.43618186575619
1.38317640374564 1.38285876100643
1.42680763360357 1.42582336755249
1.39428723786722 1.39431052486066
1.40382338035596 1.40410142500386
1.43195162690183 1.4312510638976
1.3974055673833 1.39698431402154
1.40180562931074 1.40184235387128
1.44614292709573 1.4456318938621
1.37813834533183 1.37772054334155
1.39823007915616 1.39822240842249
1.43566326538582 1.43496437495887
1.38224813962114 1.38235616956004
1.4465698672289 1.44624586008935
1.44793248522931 1.44779235963476
1.36881314857091 1.36816210406777
1.39222484497641 1.39232674558047
1.38480968409929 1.38500093876664
1.40569572678633 1.40619957463026
1.45644892422716 1.45658294821467
1.47070303697794 1.4709812045984
1.42161674466856 1.42191951723672
1.39876138068113 1.3986209594624
1.40518726832186 1.40500889838369
1.43344415843045 1.43290470557105
1.39930903554559 1.3995489382218
1.38886310533553 1.38900738552929
1.40760804774662 1.40752860142186
1.41377115369215 1.41385091212434
1.43630593419919 1.43689600466805
1.40744176408263 1.40756605184806
1.39888827641614 1.39896868307626
1.40363158559671 1.40394896775366
1.44162159044505 1.44194484276041
1.4712949437041 1.47176516164641
1.45718096269885 1.45728836850891
1.40273386703847 1.40252846650521
1.41172992512537 1.41204778229806
1.41572902818387 1.41605161782568
1.42336150285168 1.42267184706991
1.44177060084031 1.44143839358273
1.41254735829709 1.41246193290005
1.43138570973684 1.43062944400794
1.4594248118438 1.4599012604491
1.42857011835664 1.42830980588904
1.41804849878941 1.41733367050725
1.43348656866491 1.43323682161919
1.40258617546838 1.40242022122922
1.44279599937261 1.44282307240233
1.41615487194322 1.41611986079126
1.38449987968917 1.38413458612685
1.40488895632129 1.40449291331129
1.42875167568969 1.42869736451076
1.40834870739454 1.40814887953674
1.40472774378308 1.40518767872422
1.38561745817283 1.38524628637767
1.37696572074155 1.37632661932214
1.40879292204267 1.40883828458131
1.40759521026274 1.40780562783084
1.40000150573812 1.39998154802227
1.42472694206285 1.42487420215993
1.41975409766858 1.42059933519922
1.45984673516103 1.45998920384718
1.43425066802348 1.43446780927716
1.40111838061099 1.40142061293909
1.36854033254332 1.36819274447575
1.38265246640331 1.3824277034944
1.40393081589563 1.40438655826509
1.39144305105997 1.39159723264867
1.42748701924877 1.42722541069987
1.41726413249095 1.41685150424451
1.43126648895337 1.43157344552701
1.39049239332743 1.39055903881636
1.44133700159903 1.44096812973119
1.44626466313728 1.44548070192156
1.40463093325194 1.40414293584977
1.45988563759908 1.460023440686
1.43841482592556 1.43902475830317
1.38689218832655 1.38700785530189
1.47072256840598 1.47128733666811
1.44432102652353 1.4438166335188
1.42664821356685 1.42699364163712
1.38015989208206 1.38010892676345
1.39638559380053 1.39585116604039
1.45094690627015 1.45043378839923
1.45021719352973 1.44967315589195
1.41306913344417 1.41313202551229
1.41941623792478 1.4195713815795
1.37778280907057 1.37725297406293
1.41392826314977 1.41396465020363
1.41688254640488 1.41736191449336
1.45243185235254 1.45286592355512
1.4500466203729 1.45025261412207
1.40247231446927 1.40187277186285
1.43784912943225 1.43796208975652
1.39047344237331 1.39004535577382
1.40948813818338 1.40935633880108
1.41056909272701 1.41066404624171
1.44244546524231 1.44284444331646
1.40254266797575 1.40238305583181
1.3905091751164 1.39031209302277
1.45528823146835 1.45545628097446
1.38282103574686 1.3842224770706
1.41755558407752 1.41758207493378
1.44293322903259 1.4436914609528
1.4074032113004 1.40775338493895
1.43092213827182 1.43082897483478
1.38848815139938 1.38955289460988
1.40914882786477 1.40930812661054
1.39853337234521 1.39864091614474
1.4580855036173 1.45800916171278
1.43598338834218 1.43621376042215
1.38487339299182 1.38502022893488
1.38700033473185 1.38659149260881
1.39442623453463 1.39436936153745
1.3716300725332 1.37164348222843
1.45275076787497 1.45272948329803
1.39828940880823 1.39895096881032
1.43029168678612 1.43005039501167
1.40972571169194 1.40947556670234
1.41371826414219 1.41346550398248
1.42419634248915 1.42403888143813
1.42673095929124 1.42638113839548
1.42684059930112 1.42617218682864
1.38352269510732 1.38344963795921
1.39137753838469 1.39080460321377
1.45954963564259 1.45992929103487
1.41836666475014 1.4195281399786
1.41621936214514 1.41634302390858
1.44291106111963 1.44318539846008
1.39917670280724 1.39972587964059
1.45720352878317 1.45715794127321
1.4102257910802 1.41114187369259
1.46523300387967 1.46444497026449
1.46414755565163 1.46447417823469
1.43363429001367 1.43374215044397
1.45127441925664 1.45115501169178
1.4366238887446 1.43717969072705
1.43118413675974 1.43115560253519
1.42451290894022 1.42449199979087
1.39620175651814 1.39687034651388
1.3828894377612 1.38266689602016
1.43561421028355 1.43573682398583
1.42545785350989 1.42503900281452
1.47184336066288 1.47221215213927
1.45444955972818 1.45444322466841
1.41008523620238 1.40995188461092
1.45065502241676 1.45034072507753
1.3906077492446 1.39035942776822
1.43562630745992 1.43622346459631
1.37176260169235 1.37128853396167
1.39778332236666 1.39811721191134
1.41907093692665 1.41920202687088
1.44735283846277 1.44751823867852
1.40741427832317 1.40759961659023
1.38181593142921 1.38127350250756
1.4521965797925 1.45239644346877
1.39044794972125 1.39019236073453
1.39287172292714 1.39301986028065
1.4286577271973 1.42866308823672
1.42129054575831 1.42125267666149
1.39239953009326 1.3919352417075
1.36829033248554 1.36799831854185
1.3917679875306 1.39217834512333
1.40698285219178 1.40842259803206
1.3806198789356 1.38054324297633
1.44659988895214 1.44618333992778
1.42054194726676 1.42081601147107
1.40114689704153 1.4012834099967
1.44311262903164 1.44339152048526
1.41560064259252 1.415671514854
1.43175577271878 1.43155813590216
1.40898865716957 1.40815299799157
1.40691018602936 1.40635393267072
1.39432523512212 1.39483456829772
1.40092711251758 1.40048396064737
1.39740659817568 1.39716351189578
1.401711649644 1.40206311541781
1.43003843094955 1.43077701525118
1.3990062857484 1.39936474655897
1.44477799115888 1.4441963599019
1.41216573769932 1.41165649324218
1.4316122000741 1.43287693533829
1.41301332654389 1.41323685091322
1.4202052127803 1.41981336118981
1.43620428242991 1.436141843436
1.43039613874845 1.43000901822484
1.42012782650975 1.42112358990405
1.43978693963906 1.43993909255209
1.43913900342593 1.43846780629217
1.43784411635051 1.43812403887249
1.44474428600034 1.44468730753072
1.45348634349907 1.45355401768583
1.39459812006629 1.39447181160287
1.42925826137734 1.42922442996198
1.41571649989136 1.41573162698019
1.4069516439764 1.40665067578155
1.42890439762633 1.42847024521795
1.42813443813088 1.42820034957392
1.4275429061512 1.42733319151832
1.36819081491135 1.36856666211766
1.37840404959509 1.37881652010029
1.39566022642807 1.39563805699353
1.39312018941758 1.39316443252628
1.40347736917101 1.40333812290692
1.39726819253875 1.39759899210858
1.40603042886965 1.40536282393377
1.42194123778302 1.42191320967917
1.41789652212937 1.41817702245404
1.37432397385155 1.37371937979071
1.43475543923341 1.43410411281464
1.41588916665081 1.41544853957454
1.43367087268219 1.43301208824181
1.4218809007199 1.42239176455107
1.46147116188158 1.46193013994911
1.38640426688016 1.38578425803371
1.37587151326794 1.37623032710451
1.45827999756928 1.45870252708525
1.44671332487324 1.44628876733049
1.38003107520558 1.37971607862374
1.37517341528873 1.37470610312348
1.46812420100268 1.46849884701168
1.39302836913372 1.392017865878
1.42186354759606 1.42121468919696
1.37908137909065 1.38007110165629
1.39597648595402 1.39624589970303
1.38207443794153 1.38242852158144
1.43994564167333 1.44037577935669
1.43076893522977 1.43071294948691
1.37369032429749 1.37331737269963
1.38920341359315 1.38914982783733
1.40611095307534 1.40577701201323
1.40821112972152 1.40792663422819
1.43705999499211 1.43673177859843
1.46328333991047 1.46358754146068
1.43279801687615 1.43292777509397
1.4608912209586 1.46104664150974
1.3936051143335 1.39398250997161
1.40852809592121 1.40887552101152
1.41295426334117 1.4134296560042
1.45233040121802 1.45210258907094
1.43966856044191 1.44005977200549
1.408031660745 1.4079667261182
1.42348108464976 1.42383543040353
1.4395355249796 1.4391790706677
1.40535191072888 1.40511536982866
1.43832572818228 1.43803336322901
1.45082838049652 1.45055078144682
1.41650383009138 1.41670514497268
1.41729313036696 1.41776678777768
1.40758902921157 1.40810544790284
1.44351937898048 1.44325214493304
1.41833540721973 1.41833630415751
1.38021550405992 1.38125187491821
1.43964035003584 1.43949311822822
1.44855516642383 1.44871383910237
1.42195494860842 1.4216080500257
1.41193000653932 1.41191876380444
1.44258309997101 1.4427452223984
1.44125169197273 1.4413141081928
1.44702446979039 1.44718037025728
1.40111545746278 1.40069539690775
1.44700819886178 1.44610606100037
1.40396201885545 1.40432566276821
1.3925796399508 1.39221663169378
1.40520329652004 1.40476920049057
1.38829904901253 1.38824349785328
1.40648984648086 1.40648155907246
1.37927343693746 1.37902537743112
1.41500459044897 1.41530315900187
1.40753718838139 1.4069601472657
1.45353638107497 1.45288577674283
1.40203928775711 1.40234107907866
1.41941713779305 1.41918324802119
1.38738165449504 1.38761874669009
1.45445839510123 1.45469303693509
1.44650367448549 1.44573954258726
1.38904700092986 1.38949602376494
1.38727323067838 1.3869054865658
1.41100218993252 1.41041237239137
1.40904160473702 1.40896252228916
1.43819715672694 1.43848194413714
1.40189007489517 1.40240071397579
1.37724773203911 1.37672837564426
1.44388526758591 1.44402693883653
1.38165956848381 1.3817665743578
1.47293344903429 1.47352260705635
1.38510931603207 1.38575556450944
1.41196326426292 1.41211900007003
1.41926173667608 1.41944445480286
1.39769047468108 1.39748739253377
1.45206056903045 1.45198038216473
1.39851302890864 1.39872933764718
1.42503515537208 1.42463921443773
1.43599615205747 1.43610134833528
1.38553402109597 1.38492912586989
1.46259067533816 1.46251947831808
1.43524110129973 1.43457245367326
1.3728150534128 1.37312696459049
1.41103754402096 1.41116248635241
1.41859150642155 1.41832294632163
1.45511928306734 1.45515299960543
1.39948344173416 1.39947097137532
1.43579554002261 1.4355355122749
1.39811017127611 1.3985630747316
1.42833740960125 1.42851432604261
1.45386828021762 1.45376151354853
1.45783582345203 1.45816328726841
1.43868042360079 1.43840958253161
1.46467569073791 1.4644019123893
1.38821648178957 1.38889461687328
1.41798792793685 1.41807468882917
1.42637462792337 1.42664742466201
1.43610342225699 1.43592869920403
1.45183045519112 1.45140250343556
1.4625214611649 1.46290797727142
1.42987297351194 1.43009161498341
1.41533671059954 1.41543819566503
1.39166325984204 1.39183679174815
1.45419304841948 1.45439742593526
1.37550332060015 1.37517928248377
1.39564196603648 1.39584204627473
1.42451827602104 1.42433297631942
1.43576740683388 1.43633047549213
1.43600696186592 1.43547857470494
1.44806968954343 1.44853177989173
1.38799689693464 1.38744810362755
1.39806934348889 1.39808152659547
1.4033162853351 1.40381694804549
1.3975405383682 1.39795313945229
1.45873695595745 1.45823036846231
1.39965429449082 1.39971168245035
1.46979494354607 1.4696287431408
1.42936244602947 1.43015319463471
1.44036157756213 1.44019801304251
1.41683514563833 1.41736363065664
1.38843385426608 1.38796883458891
1.39340204036422 1.39392685472347
1.44032099834933 1.44043426070463
1.40582453746237 1.40532394639204
1.40411273135103 1.40445858442018
1.40885229732146 1.40843116487792
1.4275066356288 1.42726132859431
1.42801060484821 1.42773093136531
1.41143351668253 1.41062563413075
1.37776978450752 1.37811121169589
1.39192671808729 1.39195612929457
1.41476076130674 1.41467588249721
1.44654911908276 1.44664349812324
1.43470467925373 1.43477373166685
1.42365501846477 1.42498873239257
1.41387504798635 1.41400907806648
1.43297488813183 1.4326991105143
1.39867034420588 1.39914889196857
1.46591310885987 1.46585337872961
1.47043613864635 1.47062220517545
1.42465753104347 1.42487269591984
1.43794634521543 1.43763406912901
1.40969451434749 1.41055581645576
1.37106867516157 1.37104640923006
1.42015909601636 1.42022397714415
1.38955001434723 1.38948014749823
1.42413673464642 1.42464663320632
1.4096457322171 1.41030656494725
1.38757840967123 1.38732800156589
1.44539310243244 1.44522425354853
1.44721473792202 1.44748949872684
1.4367058465939 1.43726360781146
1.4129730161252 1.41314259277541
